Id;Seed;MaQd;MaO;MaBase;MaQd_int;MaO_int;MaBase_int;VaSec;CaseType;Strategy;Planning;
0;54;{{,,,,,,,,,,}:{VF-L,,,,,,,,,,}:{VF-L,C-LB,,,,,,,,,}:{F-L,A-B,A-R,,,,,,,,}:{C-B,VF-R,VF-R,F-R,,,,,,,}:{F-B,VF-RB,VF-RB,VF-RB,F-B,,,,,,}:{VF-LB,F-B,F-B,F-B,VF-LB,VF-L,,,,,}:{VF-LB,F-B,F-B,VF-B,VF-LB,VF-L,C-LB,,,,}:{VF-B,VF-RB,VF-RB,VF-B,VF-LB,F-LB,F-R,F-R,,,}:{F-B,VF-RB,VF-RB,VF-RB,F-B,C-B,VF-R,VF-R,F-R,,}:};{{F-R,A-R,VF-F,VF-RF,}:{C-L,F-L,VF-LF,VF-F,}:{A-L,F-L,VF-LF,VF-F,}:{VC-R,F-L,VF-F,VF-F,}:{F-R,A-R,VF-F,VF-RF,}:{VF-RB,F-B,F-RF,VF-R,}:{F-B,VF-LB,F-L,A-LF,}:{F-B,VF-LB,F-L,A-LF,}:{VF-B,VF-B,C-LF,A-R,}:{VF-RB,F-B,A-RF,VF-R,}:};{{0,0,0,0,0,0,0,0,0,0,}:{55,0,0,0,0,0,0,0,0,0,}:{55,82,0,0,0,0,0,0,0,0,}:{54,63,43,0,0,0,0,0,0,0,}:{62,45,45,44,0,0,0,0,0,0,}:{64,75,75,75,64,0,0,0,0,0,}:{85,64,64,64,85,55,0,0,0,0,}:{85,64,64,65,85,55,82,0,0,0,}:{65,75,75,65,85,84,44,44,0,0,}:{64,75,75,75,64,62,45,45,44,0,}:};{{44,43,15,25,}:{52,54,35,15,}:{53,54,35,15,}:{41,54,15,15,}:{44,43,15,25,}:{75,64,24,45,}:{64,85,54,33,}:{64,85,54,33,}:{65,65,32,43,}:{75,64,23,45,}:};{DEFENSIVE,DEFENSIVE,DEFENSIVE,DEFENSIVE,DEFENSIVE,DEFENSIVE,DEFENSIVE,DEFENSIVE,DEFENSIVE,DEFENSIVE};NORMAL;OFENSIVE;True;(case_id:0|solutionType:NORMAL|actions:<Move,Agent4,,NORMAL,F,RB,-18,287956>,<Move,Agent4,,NORMAL,F,LB,-22,0830617>,<Move,Agent4,,NORMAL,F,LF,-27,2025033>,<Move,Agent4,,NORMAL,F,LF,-30,4937239>,<Move,Agent4,Flag1,NORMAL,F,LF,-33,90757>)
0;54;{{,,,,,,,,,,}:{VF-L,,,,,,,,,,}:{VF-L,C-LB,,,,,,,,,}:{F-L,A-B,A-R,,,,,,,,}:{C-B,VF-R,VF-R,F-R,,,,,,,}:{F-B,VF-RB,VF-RB,VF-RB,F-B,,,,,,}:{VF-LB,F-B,F-B,F-B,VF-LB,VF-L,,,,,}:{VF-LB,F-B,F-B,VF-B,VF-LB,VF-L,C-LB,,,,}:{VF-B,VF-RB,VF-RB,VF-B,VF-LB,F-LB,F-R,F-R,,,}:{F-B,VF-RB,VF-RB,VF-RB,F-B,C-B,VF-R,VF-R,F-R,,}:};{{A-R,F-R,VF-RF,VF-F,}:{F-L,C-L,VF-F,VF-LF,}:{F-L,A-L,VF-F,VF-LF,}:{F-L,VC-R,VF-F,VF-F,}:{A-R,F-R,VF-RF,VF-F,}:{F-B,VF-RB,VF-R,F-RF,}:{VF-LB,F-B,A-LF,F-L,}:{VF-LB,F-B,A-LF,F-L,}:{VF-B,VF-B,A-R,C-LF,}:{F-B,VF-RB,VF-R,A-RF,}:};{{0,0,0,0,0,0,0,0,0,0,}:{55,0,0,0,0,0,0,0,0,0,}:{55,82,0,0,0,0,0,0,0,0,}:{54,63,43,0,0,0,0,0,0,0,}:{62,45,45,44,0,0,0,0,0,0,}:{64,75,75,75,64,0,0,0,0,0,}:{85,64,64,64,85,55,0,0,0,0,}:{85,64,64,65,85,55,82,0,0,0,}:{65,75,75,65,85,84,44,44,0,0,}:{64,75,75,75,64,62,45,45,44,0,}:};{{43,44,25,15,}:{54,52,15,35,}:{54,53,15,35,}:{54,41,15,15,}:{43,44,25,15,}:{64,75,45,24,}:{85,64,33,54,}:{85,64,33,54,}:{65,65,43,32,}:{64,75,45,23,}:};{DEFENSIVE,DEFENSIVE,DEFENSIVE,DEFENSIVE,DEFENSIVE,DEFENSIVE,DEFENSIVE,DEFENSIVE,DEFENSIVE,DEFENSIVE};NORMAL;DEFENSIVE;True;(case_id:0|solutionType:NORMAL|actions:)
1;54;{{,,,,,,,,,,}:{VF-R,,,,,,,,,,}:{VF-RB,A-LB,,,,,,,,,}:{VF-R,A-B,C-R,,,,,,,,}:{VF-R,VC-B,A-RF,A-F,,,,,,,}:{VF-RB,F-B,A-B,F-LB,F-B,,,,,,}:{VF-RB,F-B,F-B,A-B,F-B,A-B,,,,,}:{VF-RB,VF-B,F-B,F-B,VF-B,A-B,A-LB,,,,}:{VF-RB,VF-B,F-B,F-B,VF-B,A-RB,A-B,C-R,,,}:{VF-RB,F-B,A-B,A-B,F-B,C-R,VC-LF,A-F,A-F,,}:};{{A-L,F-L,VF-LF,VF-F,}:{F-B,A-B,VF-F,VF-RF,}:{F-RB,A-B,F-F,F-RF,}:{F-R,A-RB,F-F,VF-RF,}:{F-R,A-RB,VF-F,VF-RF,}:{VF-RB,F-B,A-F,F-RF,}:{VF-RB,F-B,A-RF,F-R,}:{VF-B,VF-B,VC-B,F-R,}:{VF-RB,VF-B,C-R,F-R,}:{VF-RB,F-B,A-F,F-R,}:};{{0,0,0,0,0,0,0,0,0,0,}:{45,0,0,0,0,0,0,0,0,0,}:{75,83,0,0,0,0,0,0,0,0,}:{45,63,42,0,0,0,0,0,0,0,}:{45,61,23,13,0,0,0,0,0,0,}:{75,64,63,84,64,0,0,0,0,0,}:{75,64,64,63,64,63,0,0,0,0,}:{75,65,64,64,65,63,83,0,0,0,}:{75,65,64,64,65,73,63,42,0,0,}:{75,64,63,63,64,42,31,13,13,0,}:};{{53,54,35,15,}:{64,63,15,25,}:{74,63,14,24,}:{44,73,14,25,}:{44,73,15,25,}:{75,64,13,24,}:{75,64,23,44,}:{65,65,61,44,}:{75,65,42,44,}:{75,64,13,44,}:};{DEFENSIVE,DEFENSIVE,DEFENSIVE,DEFENSIVE,DEFENSIVE,DEFENSIVE,DEFENSIVE,DEFENSIVE,DEFENSIVE,DEFENSIVE};DECEPTIVE;OFENSIVE;True;(case_id:1|solutionType:DECEPTIVE|actions:<Move,Agent3,,NORMAL,F,LB,-30,6201883>,<Move,Agent3,,NORMAL,F,LF,-34,3447987>,<Move,Agent3,,NORMAL,F,LF,-38,8167663>,<Move,Agent3,,NORMAL,F,RF,-39,5241194>,<Move,Agent3,,NORMAL,F,LF,-41,01248>,<Move,Agent3,Flag1,NORMAL,F,LF,-46,8955223>)
1;54;{{,,,,,,,,,,}:{VF-R,,,,,,,,,,}:{VF-RB,A-LB,,,,,,,,,}:{VF-R,A-B,C-R,,,,,,,,}:{VF-R,VC-B,A-RF,A-F,,,,,,,}:{VF-RB,F-B,A-B,F-LB,F-B,,,,,,}:{VF-RB,F-B,F-B,A-B,F-B,A-B,,,,,}:{VF-RB,VF-B,F-B,F-B,VF-B,A-B,A-LB,,,,}:{VF-RB,VF-B,F-B,F-B,VF-B,A-RB,A-B,C-R,,,}:{VF-RB,F-B,A-B,A-B,F-B,C-R,VC-LF,A-F,A-F,,}:};{{F-L,A-L,VF-F,VF-LF,}:{A-B,F-B,VF-RF,VF-F,}:{A-B,F-RB,F-RF,F-F,}:{A-RB,F-R,VF-RF,F-F,}:{A-RB,F-R,VF-RF,VF-F,}:{F-B,VF-RB,F-RF,A-F,}:{F-B,VF-RB,F-R,A-RF,}:{VF-B,VF-B,F-R,VC-B,}:{VF-B,VF-RB,F-R,C-R,}:{F-B,VF-RB,F-R,A-F,}:};{{0,0,0,0,0,0,0,0,0,0,}:{45,0,0,0,0,0,0,0,0,0,}:{75,83,0,0,0,0,0,0,0,0,}:{45,63,42,0,0,0,0,0,0,0,}:{45,61,23,13,0,0,0,0,0,0,}:{75,64,63,84,64,0,0,0,0,0,}:{75,64,64,63,64,63,0,0,0,0,}:{75,65,64,64,65,63,83,0,0,0,}:{75,65,64,64,65,73,63,42,0,0,}:{75,64,63,63,64,42,31,13,13,0,}:};{{54,53,15,35,}:{63,64,25,15,}:{63,74,24,14,}:{73,44,25,14,}:{73,44,25,15,}:{64,75,24,13,}:{64,75,44,23,}:{65,65,44,61,}:{65,75,44,42,}:{64,75,44,13,}:};{DEFENSIVE,DEFENSIVE,DEFENSIVE,DEFENSIVE,DEFENSIVE,DEFENSIVE,DEFENSIVE,DEFENSIVE,DEFENSIVE,DEFENSIVE};NORMAL;DEFENSIVE;True;(case_id:1|solutionType:NORMAL|actions:)
